9798630248015
0099800209
0345539788
9780316129084
0553803719
0307346609
0375507256
080187971X
048624895X
0143039822
0140092501
1592409660
0393061701
1526623994
1857231589
1942788290
0465024378
0316452505
031645253X
0316466409
0575099127
0812515285
0449213943
076534825X
0345524497
1529001587
9781250186461
3453161815
0802755267
0525536515
0330426648
0765312182
1800248938
0765397536
1597800449
0812536355
9780316270793
9780345479211
9780345461674
9780441478125
038051284X
9798721503788
9798735007937
0316005401
1526649675
1250229251
1101974494
0553580078
